578
672
857
853
773
539
608
569
642
118
194
670
368
378
399
680
984
630
871
415
144
993
834
811
803
447
265
817
168
226
953
420
276
366
269
722
823
274
678
322
840
129
980
107
37
98
804
26
988
622
824
656
33
419
726
496
270
217
430
22
234
591
130
435
905
501
332
594
411
521
69
880
735
765
959
394
758
592
931
650
431
219
309
689
975
850
668
49
2
167
532
299
308
910
751
247
809
416
132
619
781
704
830
800
198
190
143
943
873
638
901
761
714
410
27
174
207
6
152
852
795
498
151
264
665
307
181
482
111
140
649
510
60
846
504
389
421
77
176
170
962
958
554
469
612
664
794
968
424
691
552
65
545
526
851
872
703
695
881
404
461
21
790
866
900
201
392
467
506
542
273
797
825
460
759
115
960
610
730
848
240
897
676
667
787
466
296
227
514
41
91
31
854
783
796
511
160
75
346
916
117
805
557
603
145
729
195
474
16
914
961
743
791
969
78
908
537
637
303
623
677
32
52
669
10
624
405
483
573
719
103
376
566
660
826
257
317
289
486
12
43
478
84
892
831
930
894
802
699
88
287
453
229
520
222
995
814
9
48
936
522
731
455
570
327
868
721
842
768
370
906
149
412
627
259
715
122
494
762
599
120
260
362
334
890
911
644
860
30
616
710
407
434
625
442
438
574
184
932
732
987
877
350
528
546
728
214
331
336
810
443
491
66
859
555
945
262
697
505
364
285
944
481
202
112
371
432
335
218
70
713
533
138
372
210
992
150
186
643
926
832
413
559
472
291
884
843
47
744
454
584
428
681
780
934
899
206
776
124
320
661
973
178
395
648
302
250
109
445
281
82
375
682
874
330
172
42
972
108
182
187
760
538
632
325
606
981
238
991
450
228
449
939
147
531
898
263
283
771
355
4
994
495
63
148
76
748
398
509
753
634
716
343
764
173
940
698
35
189
290
970
295
154
734
792
328
471
595
782
99
344
24
191
305
530
799
479
96
485
45
490
357
233
402
517
955
598
72
706
139
298
119
549
727
712
408
369
352
827
740
933
110
845
767
705
179
996
89
858
141
942
694
536
440
79
397
571
861
742
36
386
923
711
675
383
114
116
950
812
885
617
102
684
153
535
614
693
401
266
621
