46
0
4
83
91
44
68
81
91
11
61
68
20
7
8
11
54
85
67
22
100
80
6
57
15
51
59
26
30
6
71
84
84
67
53
12
40
60
50
46
14
13
40
58
58
54
24
76
12
6
48
83
51
97
19
25
55
66
1
58
67
34
80
91
40
31
95
95
0
68
77
25
20
51
91
13
93
34
62
33
0
35
55
89
93
35
5
22
1
44
42
43
37
35
51
24
61
9
28
85
60
73
97
47
58
15
34
9
37
87
20
79
2
67
36
60
39
69
18
31
18
66
72
6
55
58
5
92
36
68
42
2
47
19
80
71
20
76
27
1
10
15
50
61
99
95
64
93
58
81
55
64
94
67
37
7
58
22
50
46
100
40
77
88
44
34
98
86
68
78
79
59
51
55
69
100
8
46
82
98
10
59
38
91
98
60
89
28
41
57
23
17
15
63
77
77
58
20
88
75
63
84
97
47
99
98
8
39
52
30
16
60
72
71
13
21
75
27
53
72
37
74
70
70
43
30
35
60
20
36
96
72
73
54
26
4
42
38
52
56
6
11
39
99
10
27
20
77
70
6